%YAML:1.0
---
homography_matrix: !!opencv-matrix
   rows: 3
   cols: 3
   dt: d
   data: [ 1.8951515288257181e-03, -3.5417771844967819e-02,
       2.2422289948595580e+01, 9.6529208603158573e-03,
       -1.8040639346871898e-01, 1.1421444030359531e+02,
       8.4516605106834663e-05, -1.5795407042191460e-03,
       9.9999999999999989e-01 ]
