%YAML:1.0
---
gps_matrix: !!opencv-matrix
   rows: 7
   cols: 3
   dt: d
   data: [1, 22.42296209392,114.21451480611,
        2, 22.42300721017,114.21455045203,
        3, 22.42305207604,114.21458578279,
        4, 22.42309627130,114.21462042015,
        5, 22.42314142350,114.21465591033,
        6, 22.42318562163,114.21469082980,
        7, 22.42322893882,114.21472529684]
cross_subpixel_matrix: !!opencv-matrix
   rows: 7
   cols: 3
   dt: d
   data: [1, 1547, 2947,
          2, 1984, 2294,  
          3, 2197, 1971,
          4, 2323, 1782,
          5, 2410, 1663,
          6, 2469, 1582, 
          7, 2515, 1521]
