%YAML:1.0
---
gps_matrix: !!opencv-matrix
   rows: 8
   cols: 3
   dt: d
   data: [1, 22.42296209392,114.21451480611,
        2, 22.42300721017,114.21455045203,
        3, 22.42305207604,114.21458578279,
        4, 22.42309627130,114.21462042015,
        5, 22.42314142350,114.21465591033,
        6, 22.42318562163,114.21469082980,
        7, 22.42322893882,114.21472529684,
        8, 22.42325300316,114.21474359438]
cross_subpixel_matrix: !!opencv-matrix
   rows: 8
   cols: 3
   dt: d
   data: [1, 641, 813,
          2, 925, 542,  
          3, 1049, 423,
          4, 1115, 362,
          5, 1158, 326,
          6, 1186, 303, 
          7, 1207, 286,
          8, 1214, 277]
