%YAML:1.0
---
lat1: 22.42314142350
lon1: 114.21465591033
lat2: 22.42314257
lon2: 114.21465618
