%YAML:1.0
---
cb_to_ecef transform: !!opencv-matrix
   rows: 3
   cols: 4
   dt: d
   data: [ -3.3333333200425841e-01, -1.1666666677920148e+00, 0.,
       -2.4190549375000005e+06, -6.6666667000390589e-01,
       -3.3333333069458604e-01, 0., 5.3797811250000000e+06,
       7.7777777626761235e-01, -1.6666666558012366e-01, 0.,
       2.4181446875000000e+06 ]
inliers: !!opencv-matrix
   rows: 4
   cols: 1
   dt: u
   data: [ 1, 1, 1, 1 ]
