%YAML:1.0
---
RMS: 0.21
intrinsic: !!opencv-matrix
   rows: 3
   cols: 3
   dt: d
   data: [1.93343726e+03, 0, 9.48978983e+02,
       0, 1.93051245e+03, 5.11356895e+02,
       0, 0, 1 ]
distortion_coeff: !!opencv-matrix
   rows: 1
   cols: 8
   dt: d
   data: [ 3.49764298e+01,  -2.03564563e+01, -6.52645822e-03, 2.14509407e-04, -1.11672383e+01, 3.51182978e+01, -2.50530591e+01, -5.98502953e+00]
