%YAML:1.0
---
fitting_error: 2.4306352048963324e+00
rotation: !!opencv-matrix
   rows: 3
   cols: 3
   dt: d
   data: [ -3.5768757609081092e-01, 9.3368025287677914e-01,
       -1.7343105207380582e-02, -2.2114179872330708e-01,
       -6.6645400958598722e-02, 9.7296181599715825e-01,
       9.0727939619926390e-01, 3.5185163907394496e-01,
       2.3031396248008484e-01 ]
ref_rvec: !!opencv-matrix
   rows: 3
   cols: 1
   dt: d
   data: [ -8.5573776212454900e-01, -1.2739034386511805e+00,
       -1.5910620608145511e+00 ]
ref_tvec: !!opencv-matrix
   rows: 3
   cols: 1
   dt: d
   data: [ -4.1794798981779495e+00, 4.9910388565948249e+00,
       1.9370916318860836e+01 ]
CamCenterInCBCoord: !!opencv-matrix
   rows: 3
   cols: 1
   dt: d
   data: [ -1.7966053985456771e+01, -2.5807610231335021e+00,
       -9.3899678834780911e+00 ]
