%YAML:1.0
---
gps_matrix: !!opencv-matrix
   rows: 18
   cols: 3
   dt: d
   data: [
       ###1, 34.20161680, 108.83262022, 
       ###2, 34.20161910, 108.83268426, 
       ###3, 34.20162725, 108.83278215,
       ###4, 34.20153732, 108.83279348, 
       #####5, 34.20152915, 108.83269587, 
       ###6, 34.20152450, 108.83263118, 
       ###7, 34.20143357, 108.83264566, 
       ###8, 34.20144172, 108.83270993, 
       #####9, 34.20144790, 108.83280358, 
       #10, 34.20136090, 108.83282596, 
       #####11, 34.20134932, 108.83273477, 
       ###12, 34.20133676, 108.83267197, 
       ###13, 34.20124872, 108.83269528, 
       #####14, 34.20125349, 108.83275863, 
       ###15, 34.20126963, 108.83284851, 
       #####16, 34.20118185, 108.83286109, 
       17, 34.20117845, 108.83277178, 
       ###18, 34.20117646, 108.83270404, 
       ###19, 34.20109590, 108.83268739, 
       20, 34.20107980, 108.83277047, 
       ###21, 34.20105909, 108.83284807, 
       ###22, 34.20097260, 108.83281004, 
       23, 34.20100218, 108.83272621, 
       24, 34.20102292, 108.83266810, 
       25, 34.20094901, 108.83261703, 
       26, 34.20092085, 108.83267773, 
       ###27, 34.20088631, 108.83275375, 
       28, 34.20080759, 108.83272495,
       29, 34.20082036, 108.83263631, 
       30, 34.20083157, 108.83256978, 
       31, 34.20073180, 108.83256130, 
       32, 34.20072617, 108.83262993, 
       33, 34.20071826, 108.83271728, 
       34, 34.20062831, 108.83271506, 
       35, 34.20063175, 108.83262903, 
       36, 34.20063309, 108.83255877, 
       37, 34.20054047, 108.83255626, 
       38, 34.20053934, 108.83262616,
       ###39, 34.20053753, 108.83271376,
       ###40, 34.20050369, 108.83271435
       41, 34.20049939, 108.83262532
       ###42, 34.20049885, 108.83255651
       ]
cross_subpixel_matrix: !!opencv-matrix
   rows: 18
   cols: 3
   dt: d
   data: [
           ###1, 1377, 379, 
           ###2, na, na,
           ###3, na, na,
           ###4, na, na,
           #####5, 1480, 378,
           ###6, 1515, 1277,
           ###7, 1500, 1303,
           ###8, 1669, 1302,
           #####9, 1567, 390,
           #10, 1712, 400, 
           #####11, 1421, 417,
           ###12, 1853, 1254,
           ###13, na, na,
           #####14, 1581, 431,
           ###15, na, na,
           #####16, 2053, 434,
           17, 1711, 451,
           ###18, na, na,
           ###19, na, na,
           20, 1840, 476,
           ###21, na, na,
           ###22, na, na,
           23, 1746, 497,
           24, 1413, 505,
           25, 1189, 541,
           26, 1598, 529,
           ###27, na, na, 
           28, 2200, 565,
           29, 1473, 589,
           30, 924, 612,
           31, 873, 719,
           32, 1620, 680,
           33, 2524, 642,
           34, 3149, 777,
           35, 1990, 846,
           36, 871, 920,
           37, 892, 1476,
           38, 2864, 1270,
           ###39, na, na,
           ###40, na, na,
           41, 3791, 1720
           ###42, 1377, 379
           ]
