%YAML:1.0
---
lat1: 34.200500490
lon1: 108.83256531
lat2: 34.20053934
lon2: 108.83262616
