%YAML:1.0
---
transform: !!opencv-matrix
   rows: 3
   cols: 4
   dt: d
   data: [ 1.6555555555716273e+02, 1.2066666666546371e+02, 0.,
       -2.4192688750000000e+06, 7.7999999996682163e+01,
       6.6333333335816860e+01, 0., 5.3794171250000000e+06,
       -8.1111111125210300e+00, -2.5833333332324401e+01, 0.,
       2.4187896875000005e+06 ]
inliers: !!opencv-matrix
   rows: 4
   cols: 1
   dt: u
   data: [ 1, 1, 1, 1 ]
