%YAML:1.0
---
transform: !!opencv-matrix
   rows: 3
   cols: 4
   dt: d
   data: [ -4.0283328294754028e-01, -8.3307731151580811e-01,
       3.7908780574798584e-01, -2.4190549375000005e+06,
       -5.2150559425354004e-01, -1.3145737349987030e-01,
       -8.4306043386459351e-01, 5.3797811250000000e+06,
       7.5216841697692871e-01, -5.3730916976928711e-01,
       -3.8149908185005188e-01, 2.4181446875000000e+06 ]
inliers: !!opencv-matrix
   rows: 4
   cols: 1
   dt: u
   data: [ 1, 1, 1, 1 ]
