%YAML:1.0
---
antenna_height: 0.12
square_size: 0.375
gps_matrix: !!opencv-matrix
   rows: 4
   cols: 3
   dt: d
   data: [ 22.432801, 114.2147346, 26.146, 
       22.432701, 114.2127346, 26.106, 
       22.432601, 114.2137346, 26.126, 
       22.432521, 114.2117346, 26.136]
world_coord_matrix: !!opencv-matrix
   rows: 4
   cols: 3
   dt: d
   data: [ 0, 0, 0, 
       1.125, 0, 0,
       0, 0.75, 0,
       1.125, 0.75, 0]
