%YAML:1.0
---
matrix: !!opencv-matrix
   rows: 3
   cols: 3
   dt: d
   data: [0.439637, 0.888751, -0.129773, 
       -0.508864, 0.365523, 0.779391, 
       0.74012, -0.276613, 0.61295]
