%YAML:1.0
---
lat1: 22.4238190
lon1: 114.2147103
lat2: 22.4265879
lon2: 114.2113781
