%YAML:1.0
---
lat1: 22.4265695
lon1: 114.2113882
lat2: 22.426601274
lon2: 114.211340895
