%YAML:1.0
---
homography_matrix: !!opencv-matrix
   rows: 3
   cols: 3
   dt: d
   data: [ 9.3781493223260597e+01, -9.2775635754645677e+01,
       2.2426567242224333e+01, 4.7759941426537875e+02,
       -4.7247690892354188e+02, 1.1421139542657689e+02,
       4.1817142141191574e+00, -4.1368631375031004e+00,
       9.9999999999999989e-01 ]
