%YAML:1.0
---
gps_matrix: !!opencv-matrix
   rows: 6
   cols: 2
   dt: d
   data: [22.4265695, 114.2113882, 
       22.4265781, 114.2113949, 
       22.4265677, 114.2113959,
       22.4265721, 114.2113959, 
       22.4265667, 114.2113969, 
       22.4265765, 114.2114036]
cross_subpixel_matrix: !!opencv-matrix
   rows: 6
   cols: 2
   dt: d
   data: [ 22.3, 56.7, 
       342.2, 109.5,
       0, 34.75,
       192.2, 192.2,
       467.2, 192.3,
       1111.1, 1096.5]
