%YAML:1.0
---
lat1: 31.41006821
lon1: 121.22028971
lat2: 31.41004185
lon2: 121.22030868
