%YAML:1.0
---
orthophoto_img_path: "geo_marker40m.jpg"
perspective_img_path: "sur_DJI_0161.JPG"
is_need_distortion_corr: False
homography_mat_px_to_gps: !!opencv-matrix
   rows: 3
   cols: 3
   dt: d
   data: [ 3.1489759505659695e-05, -2.4226008571499143e-02,
       2.2422350262892223e+01, 1.6012356870800771e-04,
       -1.2339975608358252e-01, 1.1421438356178588e+02,
       1.4026310071209121e-06, -1.0804224769655436e-03, 1. ]
homography_mat_px_to_gps2: !!opencv-matrix
   rows: 3
   cols: 3
   dt: d
   data: [ 9.7002711765799041e-05, -2.4246549765352319e-02,
       2.2422352277221179e+01, 4.9382237616250066e-04,
       -1.2350437955740715e-01, 1.1421438263560744e+02,
       4.3243105366696214e-06, -1.0813385010194274e-03, 1. ]
homography_mat_px_to_px: !!opencv-matrix
   rows: 3
   cols: 3
   dt: d
   data: [ -4.3715189352820777e-01, -1.4476172077920977e+00,
       1.4991866112387593e+03, -2.2965757260490466e-01,
       -5.1636973306543767e+00, 7.0776848123928821e+03,
       4.3243105366696214e-06, -1.0813385010194274e-03, 1. ]
scale_x: 6.9999999999999996e-01
scale_y: 6.9999999999999996e-01
min_x: 2.2422568576917602e+01
min_y: 1.1421412552938700e+02
max_x: 2.2423480773620600e+01
max_y: 1.1421507690978700e+02
